0.000000e+00 0.000000e+00 0.000000e+00 0.000000e+00 
8.064516e-02 1.121497e-03 1.819149e-04 1.631431e-21 
1.612903e-01 2.706981e-03 4.390908e-04 -1.779354e-21 
2.419355e-01 5.807021e-04 9.419346e-05 1.381306e-22 
3.225806e-01 -8.922626e-03 -1.447299e-03 1.414145e-20 
4.032258e-01 -2.578293e-02 -4.182148e-03 6.497150e-21 
4.838710e-01 -4.457924e-02 -7.231196e-03 7.689536e-21 
5.645161e-01 -5.542278e-02 -8.990626e-03 4.502016e-20 
6.451613e-01 -4.759630e-02 -7.721746e-03 -1.049340e-19 
7.258065e-01 -1.468448e-02 -2.382622e-03 -4.627299e-20 
8.064516e-01 4.089832e-02 6.636810e-03 1.447821e-20 
8.870968e-01 1.061514e-01 1.722757e-02 4.525185e-20 
9.677419e-01 1.598335e-01 2.594056e-02 4.031044e-19 
1.048387e+00 1.787455e-01 2.900771e-02 -4.661034e-19 
1.129032e+00 1.461595e-01 2.371494e-02 -1.175266e-19 
1.209677e+00 5.948930e-02 9.649603e-03 2.940117e-20 
1.290323e+00 -6.583697e-02 -1.067581e-02 -4.220935e-20 
1.370968e+00 -1.983239e-01 -3.215040e-02 7.837769e-20 
1.451613e+00 -2.983242e-01 -4.835446e-02 -5.412995e-19 
1.532258e+00 -3.299315e-01 -5.348019e-02 -2.450771e-19 
1.612903e+00 -2.732277e-01 -4.430017e-02 -2.164731e-19 
1.693548e+00 -1.327543e-01 -2.153347e-02 -1.388264e-21 
1.774194e+00 6.102941e-02 9.904325e-03 2.411470e-20 
1.854839e+00 2.584567e-01 4.196380e-02 -9.489826e-20 
1.935484e+00 4.040561e-01 6.562334e-02 -5.497005e-19 
2.016129e+00 4.528554e-01 7.355271e-02 -8.369139e-19 
2.096774e+00 3.845988e-01 6.245187e-02 -1.622710e-19 
2.177419e+00 2.112744e-01 3.429066e-02 -4.852759e-19 
2.258065e+00 -2.474388e-02 -4.013597e-03 -8.807229e-20 
2.338710e+00 -2.617750e-01 -4.243635e-02 4.234960e-20 
2.419355e+00 -4.360518e-01 -7.065810e-02 8.476922e-19 
2.500000e+00 -5.000000e-01 -8.100854e-02 -1.393473e-18 
2.580645e+00 -4.360518e-01 -7.065938e-02 -6.916258e-20 
2.661290e+00 -2.617750e-01 -4.243672e-02 -3.916023e-19 
2.741935e+00 -2.474388e-02 -4.013593e-03 1.239011e-19 
2.822581e+00 2.112744e-01 3.429026e-02 4.965426e-20 
2.903226e+00 3.845988e-01 6.244997e-02 5.538734e-19 
2.983871e+00 4.528554e-01 7.355054e-02 6.394431e-19 
3.064516e+00 4.040561e-01 6.562232e-02 8.808542e-20 
3.145161e+00 2.584567e-01 4.196354e-02 -6.988374e-20 
3.225806e+00 6.102941e-02 9.904445e-03 -3.751816e-19 
3.306452e+00 -1.327543e-01 -2.153430e-02 -8.238386e-20 
3.387097e+00 -2.732277e-01 -4.430284e-02 1.716625e-19 
3.467742e+00 -3.299315e-01 -5.348437e-02 3.046651e-20 
3.548387e+00 -2.983242e-01 -4.835861e-02 -2.383471e-19 
3.629032e+00 -1.983239e-01 -3.215281e-02 -4.141808e-19 
3.709677e+00 -6.583697e-02 -1.067636e-02 2.420394e-19 
3.790323e+00 5.948930e-02 9.649828e-03 6.419243e-20 
3.870968e+00 1.461595e-01 2.371486e-02 1.430548e-19 
3.951613e+00 1.787455e-01 2.900711e-02 3.366977e-20 
4.032258e+00 1.598335e-01 2.593992e-02 -3.174666e-19 
4.112903e+00 1.061514e-01 1.722732e-02 -8.827675e-21 
4.193548e+00 4.089832e-02 6.636852e-03 -6.074261e-20 
4.274194e+00 -1.468448e-02 -2.382699e-03 1.228099e-20 
4.354839e+00 -4.759630e-02 -7.722192e-03 -6.152342e-20 
4.435484e+00 -5.542278e-02 -8.991317e-03 -5.817511e-22 
4.516129e+00 -4.457924e-02 -7.231828e-03 -1.519146e-20 
4.596774e+00 -2.578293e-02 -4.182523e-03 -6.232425e-20 
4.677419e+00 -8.922626e-03 -1.447423e-03 -1.333176e-20 
4.758065e+00 5.807021e-04 9.420086e-05 -1.480803e-21 
4.838710e+00 2.706981e-03 4.391224e-04 1.171410e-21 
4.919355e+00 1.121497e-03 1.819270e-04 -3.434367e-22 
